[gd_scene load_steps=4 format=2]

[ext_resource path="res://objects/tree_01.mesh" type="ArrayMesh" id=1]

[sub_resource type="BoxShape" id=1]
extents = Vector3( 0.2, 1.74829, 0.2 )

[sub_resource type="BoxShape" id=2]
extents = Vector3( 0.166926, 1.95275, 0.147816 )

[node name="Tree1" type="StaticBody"]
collision_mask = 134

[node name="tree_01" type="MeshInstance" parent="."]
transform = Transform( 1, 0, 0, 0, 1, 0, 0, 0, 1, 0, 4.9, 0 )
mesh = ExtResource( 1 )
material/0 = null

[node name="CollisionShape" type="CollisionShape" parent="."]
transform = Transform( 0.707107, 0, -0.707107, 0, 1, 0, 0.707107, 0, 0.707107, -0.0258423, 1.74087, 0 )
shape = SubResource( 1 )

[node name="CollisionShape2" type="CollisionShape" parent="."]
transform = Transform( 0.707107, 0, -0.707107, 0.119446, 0.985629, 0.119446, 0.696945, -0.168923, 0.696945, -0.0258423, 4.76737, -0.460168 )
shape = SubResource( 2 )

[node name="CollisionShape3" type="CollisionShape" parent="."]
transform = Transform( -0.732074, 0.144662, -0.665688, -0.0450778, 0.964763, 0.259228, 0.679732, 0.219782, -0.699757, 0.289522, 4.75444, 0.548601 )
shape = SubResource( 2 )

[node name="CollisionShape4" type="CollisionShape" parent="."]
transform = Transform( 0.948242, 0.172298, -0.26674, -0.187514, 0.981725, -0.0324673, 0.256271, 0.0808045, 0.963221, 0.464818, 4.8712, 0.180134 )
shape = SubResource( 2 )
